[[-4.01796875e+00  2.02500000e+00 -6.25000000e-03 ...  0.00000000e+00
   0.00000000e+00  0.00000000e+00]
 [ 2.00000000e+00 -4.00546854e+00  2.00624976e+00 ...  0.00000000e+00
   0.00000000e+00  0.00000000e+00]
 [ 0.00000000e+00  2.00000000e+00 -4.00546790e+00 ...  0.00000000e+00
   0.00000000e+00  0.00000000e+00]
 ...
 [ 0.00000000e+00  0.00000000e+00  0.00000000e+00 ... -4.00059841e+00
   2.00102388e+00  0.00000000e+00]
 [ 0.00000000e+00  0.00000000e+00  0.00000000e+00 ...  2.00000000e+00
  -4.00062640e+00  2.00105296e+00]
 [ 0.00000000e+00  0.00000000e+00  0.00000000e+00 ...  1.08236368e-03
  -4.00432945e+00  1.99718056e+00]]
